省	AreaCode	SgnQuarter	repost_num	comment_num	praise_num	type	negative_type	positive_type	new_num
上海市	310000.0	2014-03	84.0	44.0	53.0	11.0	-2.0	13.0	1858.0558032683498
上海市	310000.0	2014-09	42.0	40.0	91.0	22.0	-4.0	26.0	2197.025443053792
上海市	310000.0	2014-12	60.0	32.0	81.0	54.0	-3.0	57.0	2548.549513942398
上海市	310000.0	2015-03	44.0	35.0	106.0	45.0	0.0	45.0	2887.519153727841
上海市	310000.0	2015-06	21.0	8.0	49.0	6.0	-2.0	8.0	929.0279016341749
上海市	310000.0	2015-09	6.0	7.0	26.0	5.0	0.0	5.0	552.3949685392391
上海市	310000.0	2015-12	31.0	33.0	43.0	15.0	0.0	15.0	1531.6405945860718
上海市	310000.0	2016-03	70.0	34.0	107.0	15.0	0.0	15.0	2837.3014293151828
上海市	310000.0	2016-06	4016.0	3365.0	5578.0	30.0	-2.0	32.0	173574.25492409154
上海市	310000.0	2016-09	1075.0	1632.0	5761.0	36.0	-11.0	47.0	50957.871293433105
上海市	310000.0	2016-12	8116.0	2779.0	4712.0	60.0	-9.0	69.0	180775.14662982651
上海市	310000.0	2017-03	4847.0	3707.0	5972.0	63.0	-11.0	74.0	83757.28112866904
上海市	310000.0	2017-06	2781.0	5714.0	9109.0	29.0	-9.0	38.0	144038.3783575123
上海市	310000.0	2017-09	6204.0	9542.0	8258.0	54.0	-8.0	62.0	286760.393305059
上海市	310000.0	2017-12	2040.0	4519.0	7294.0	24.0	-12.0	36.0	45578.18921758345
上海市	310000.0	2018-03	3065.0	3084.0	9099.0	2.0	-14.0	16.0	25041.383793561952
上海市	310000.0	2018-06	3425.0	4802.0	9368.0	1.0	-21.0	22.0	58336.041279411606
上海市	310000.0	2018-09	2754.0	2908.0	10217.0	28.0	-10.0	38.0	116473.34641319045
上海市	310000.0	2018-12	2695.0	3815.0	9546.0	29.0	-12.0	41.0	69872.07021157924
上海市	310000.0	2019-03	3169.0	3857.0	13378.0	8.0	-16.0	24.0	73892.64512086273
上海市	310000.0	2019-06	86858.0	12463.0	33972.0	17.0	-30.0	47.0	1384461.6315003925
上海市	310000.0	2019-09	11117.0	28127.0	119440.0	31.0	-27.0	58.0	1563665.806916389
上海市	310000.0	2019-12	16829.0	14336.0	60309.0	22.0	-25.0	47.0	474547.57165640814
上海市	310000.0	2020-03	13393.0	23060.0	248545.0	-13.0	-45.0	32.0	-2965717.710884874
上海市	310000.0	2020-06	148626.0	152870.0	1426396.0	-48.0	-98.0	50.0	-28852675.84154964
上海市	310000.0	2020-09	59.0	108.0	634.0	-11.0	-13.0	2.0	-13046.323329360985
云南省	530000.0	2014-03	285.0	365.0	145.0	-55.0	-378.0	323.0	1623.1333146140134
云南省	530000.0	2014-06	299.0	174.0	151.0	166.0	-40.0	206.0	6641.4405395103295
云南省	530000.0	2014-09	322.0	202.0	150.0	196.0	-53.0	249.0	4062.0200121115954
云南省	530000.0	2014-12	113.0	57.0	149.0	93.0	-33.0	126.0	2856.381863184017
云南省	530000.0	2015-03	176.0	58.0	117.0	70.0	-27.0	97.0	3354.2011854288844
云南省	530000.0	2015-06	9886.0	2497.0	352.0	55.0	-63.0	118.0	137234.79376210558
云南省	530000.0	2015-09	5444.0	1847.0	145.0	-18.0	-103.0	85.0	73693.43435455224
云南省	530000.0	2015-12	20263.0	259.0	254.0	-5.0	-121.0	116.0	228889.93089509578
云南省	530000.0	2016-03	779.0	147.0	86.0	-26.0	-54.0	28.0	9496.812141171129
云南省	530000.0	2016-06	8478.0	3363.0	375.0	-55.0	-119.0	64.0	129881.54135534039
云南省	530000.0	2016-09	190.0	124.0	374.0	-27.0	-97.0	70.0	778.335710296012
云南省	530000.0	2016-12	252.0	302.0	640.0	-36.0	-94.0	58.0	-1846.8282309394583
云南省	530000.0	2017-03	432.0	8604.0	1396.0	-6.0	-80.0	74.0	117067.64671973883
云南省	530000.0	2017-06	164.0	506.0	663.0	32.0	-40.0	72.0	9594.739826388874
云南省	530000.0	2017-09	894.0	1924.0	3037.0	61.0	-72.0	133.0	59524.5887654847
云南省	530000.0	2017-12	2773.0	2495.0	5558.0	3.0	-105.0	108.0	70313.76216692051
云南省	530000.0	2018-03	1028.0	2294.0	3788.0	-39.0	-171.0	132.0	27566.542817390324
云南省	530000.0	2018-06	2815.0	4464.0	7891.0	34.0	-215.0	249.0	73793.101507858
云南省	530000.0	2018-09	4267.0	4150.0	8223.0	54.0	-171.0	225.0	31244.044922427147
云南省	530000.0	2018-12	1354.0	1413.0	3766.0	-29.0	-163.0	134.0	30980.25584430126
云南省	530000.0	2019-03	4033.0	2700.0	44913.0	46.0	-128.0	174.0	385395.33439542644
云南省	530000.0	2019-06	1148.0	1403.0	4084.0	61.0	-188.0	249.0	44954.73003818477
云南省	530000.0	2019-09	1441.0	1464.0	4186.0	199.0	-230.0	429.0	11000.481926389852
云南省	530000.0	2019-12	5009.0	5037.0	18985.0	464.0	-668.0	1132.0	201229.86257072483
云南省	530000.0	2020-03	21828.0	13556.0	95574.0	-610.0	-1385.0	775.0	-1635492.9979900918
云南省	530000.0	2020-06	61214.0	48438.0	323893.0	-2196.0	-3730.0	1534.0	-5575966.908526174
云南省	530000.0	2020-09	1425.0	690.0	4114.0	-738.0	-967.0	229.0	-50193.35552564705
内蒙古自治区	150000.0	2014-03	185.0	120.0	50.0	-19.0	-44.0	25.0	-460.16305709883454
内蒙古自治区	150000.0	2014-06	84.0	32.0	30.0	-4.0	-16.0	12.0	46.01630570988324
内蒙古自治区	150000.0	2014-09	54.0	13.0	28.0	3.0	-10.0	13.0	506.1793628087176
内蒙古自治区	150000.0	2014-12	94.0	58.0	96.0	-1.0	-17.0	16.0	1368.985094869032
内蒙古自治区	150000.0	2015-03	102.0	54.0	112.0	8.0	-12.0	20.0	1081.3831841822603
内蒙古自治区	150000.0	2015-06	57.0	16.0	71.0	-12.0	-22.0	10.0	-207.07337569447546
内蒙古自治区	150000.0	2015-09	90.0	61.0	188.0	4.0	-4.0	8.0	3324.678087539078
内蒙古自治区	150000.0	2015-12	4.0	3.0	26.0	-9.0	-10.0	1.0	-368.13044567906746
内蒙古自治区	150000.0	2016-03	49.0	51.0	92.0	-9.0	-22.0	13.0	-126.54484070217964
内蒙古自治区	150000.0	2016-06	54.0	84.0	59.0	7.0	-6.0	13.0	1104.3913370372022
内蒙古自治区	150000.0	2016-09	18.0	48.0	40.0	4.0	-10.0	14.0	299.1059871142422
内蒙古自治区	150000.0	2016-12	40.0	36.0	60.0	7.0	-5.0	12.0	977.8464963350228
内蒙古自治区	150000.0	2017-03	61.0	23.0	45.0	7.0	-14.0	21.0	782.277197068018
内蒙古自治区	150000.0	2017-06	132.0	133.0	169.0	43.0	-30.0	73.0	4383.053118866398
内蒙古自治区	150000.0	2017-09	85.0	155.0	149.0	43.0	-8.0	51.0	4509.597959568577
内蒙古自治区	150000.0	2017-12	26.0	35.0	48.0	10.0	-12.0	22.0	724.756814930664
内蒙古自治区	150000.0	2018-03	13.0	18.0	40.0	29.0	-16.0	45.0	943.3342670526102
内蒙古自治区	150000.0	2018-06	476.0	193.0	584.0	96.0	-15.0	111.0	13831.310093641814
内蒙古自治区	150000.0	2018-09	377.0	85.0	585.0	104.0	-5.0	109.0	15537.596994482217
内蒙古自治区	150000.0	2018-12	253.0	122.0	465.0	103.0	-15.0	118.0	11886.51129714083
内蒙古自治区	150000.0	2019-03	228.0	113.0	693.0	99.0	-22.0	121.0	11930.15460334064
内蒙古自治区	150000.0	2019-06	241.0	139.0	540.0	66.0	-20.0	86.0	11241.596240866736
内蒙古自治区	150000.0	2019-09	3194.0	2265.0	4889.0	274.0	-67.0	341.0	70470.43095912805
内蒙古自治区	150000.0	2019-12	2826.0	3050.0	3742.0	342.0	-44.0	386.0	6135.958722266872
内蒙古自治区	150000.0	2020-03	711.0	416.0	1873.0	-142.0	-325.0	183.0	31277.12210606695
内蒙古自治区	150000.0	2020-06	22318.0	39751.0	259313.0	-818.0	-1235.0	417.0	-5715374.192340819
内蒙古自治区	150000.0	2020-09	15.0	11.0	37.0	-6.0	-6.0	0.0	-1089.1714265454052
北京市	110000.0	2016-09	1.0	0.0	2.0	6.0	0.0	6.0	80.07667978743855
北京市	110000.0	2016-12	6.0	2.0	3.0	13.0	0.0	13.0	213.53781276650284
北京市	110000.0	2017-03	6.0	0.0	4.0	6.0	0.0	6.0	142.3585418443352
北京市	110000.0	2017-06	1.0	0.0	2.0	21.0	0.0	21.0	213.53781276650284
北京市	110000.0	2017-09	0.0	0.0	1.0	0.0	-1.0	1.0	8.89740886527095
北京市	110000.0	2018-06	0.0	0.0	0.0	-1.0	-1.0	0.0	-8.89740886527095
北京市	110000.0	2018-09	0.0	0.0	0.0	-2.0	-2.0	0.0	-17.7948177305419
北京市	110000.0	2018-12	0.0	0.0	1.0	-2.0	-2.0	0.0	-26.69222659581285
北京市	110000.0	2019-03	15.0	31.0	52.0	-10.0	-11.0	1.0	-1082.8642924137057
北京市	110000.0	2019-06	45.0	144.0	145.0	-23.0	-27.0	4.0	-4135.613510732712
北京市	110000.0	2019-09	33.0	138.0	231.0	-22.0	-26.0	4.0	-5344.485152331506
北京市	110000.0	2019-12	23.0	13.0	81.0	-19.0	-21.0	2.0	-1679.6953335899018
北京市	110000.0	2020-03	5038.0	9130.0	59761.0	-41.0	-42.0	1.0	-1370288.704480802
北京市	110000.0	2020-06	322065.0	393943.0	4981892.0	-393.0	-420.0	27.0	-90856351.5526658
北京市	110000.0	2020-09	903.0	1663.0	23322.0	-40.0	-44.0	4.0	-423701.9909140701
台湾省	820000.0	2014-03	1977.0	2483.0	1097.0	44.0	-77.0	121.0	12831.18843060115
台湾省	820000.0	2014-06	1786.0	2331.0	1353.0	31.0	-73.0	104.0	10317.174195577769
台湾省	820000.0	2014-09	797.0	1191.0	1218.0	-5.0	-128.0	123.0	-6051.532767774952
台湾省	820000.0	2014-12	690.0	805.0	859.0	1.0	-122.0	123.0	-4815.364083655647
台湾省	820000.0	2015-03	871.0	721.0	1089.0	127.0	-160.0	287.0	3640.5923385532783
台湾省	820000.0	2015-06	1684.0	707.0	775.0	55.0	-178.0	233.0	-506.98155813657684
台湾省	820000.0	2015-09	1023.0	1033.0	816.0	185.0	-75.0	260.0	22740.818661309608
台湾省	820000.0	2015-12	1065.0	874.0	2765.0	270.0	-81.0	351.0	39483.116165067506
台湾省	820000.0	2016-03	903.0	798.0	1674.0	211.0	-92.0	303.0	10832.942901307997
台湾省	820000.0	2016-06	989.0	780.0	1634.0	367.0	-47.0	414.0	28252.97680967081
台湾省	820000.0	2016-09	586.0	797.0	1383.0	134.0	-59.0	193.0	-4752.383719857505
台湾省	820000.0	2016-12	738.0	1033.0	1312.0	-5.0	-97.0	92.0	-14835.83491488441
台湾省	820000.0	2017-03	215.0	841.0	951.0	-53.0	-115.0	62.0	-9615.281194292409
台湾省	820000.0	2017-06	117.0	578.0	499.0	53.0	-50.0	103.0	256.8160367860264
台湾省	820000.0	2017-09	96.0	218.0	368.0	285.0	-29.0	314.0	273.6117824084564
台湾省	820000.0	2017-12	30.0	91.0	186.0	165.0	-9.0	174.0	1174.5279154241023
台湾省	820000.0	2018-03	70.0	75.0	219.0	57.0	-65.0	122.0	97.13223619728478
台湾省	820000.0	2018-06	77.0	84.0	183.0	139.0	-25.0	164.0	1729.426691648211
台湾省	820000.0	2018-09	16.0	81.0	94.0	-44.0	-72.0	28.0	-805.8788988770402
台湾省	820000.0	2018-12	35.0	113.0	237.0	66.0	-40.0	106.0	-1270.1477146991479
台湾省	820000.0	2019-03	64.0	39.0	425.0	162.0	-186.0	348.0	-71.3965678943448
台湾省	820000.0	2019-06	401.0	62.0	425.0	95.0	-232.0	327.0	2810.8265595432586
台湾省	820000.0	2019-09	65.0	109.0	786.0	49.0	-138.0	187.0	1217.1460261117704
台湾省	820000.0	2019-12	64.0	79.0	478.0	27.0	-51.0	78.0	151.58154108770955
台湾省	820000.0	2020-03	1150.0	3600.0	9076.0	-698.0	-891.0	193.0	-145192.7572256179
台湾省	820000.0	2020-06	31920.0	61017.0	1672079.0	-1167.0	-1435.0	268.0	-32529735.711225405
台湾省	820000.0	2020-09	178.0	563.0	1087.0	-184.0	-197.0	13.0	-22836.567097416108
吉林省	220000.0	2014-03	37.0	30.0	16.0	19.0	-10.0	29.0	853.2183953180212
吉林省	220000.0	2014-06	35.0	32.0	23.0	17.0	-1.0	18.0	1202.5843346163235
吉林省	220000.0	2014-09	20964.0	582.0	379.0	35.0	-10.0	45.0	217468.2272287211
吉林省	220000.0	2014-12	176.0	129.0	212.0	15.0	-14.0	29.0	5144.328539356985
吉林省	220000.0	2015-03	510.0	261.0	808.0	22.0	-2.0	24.0	16384.430564618146
吉林省	220000.0	2015-06	2.0	9.0	3.0	3.0	0.0	3.0	185.6535897739732
吉林省	220000.0	2015-09	101.0	53.0	49.0	16.0	0.0	16.0	2338.478036465236
吉林省	220000.0	2016-06	10.0	5.0	19.0	1.0	-4.0	5.0	60.386796762387576
吉林省	220000.0	2016-09	6.0	33.0	92.0	21.0	-3.0	24.0	1475.4187649597666
吉林省	220000.0	2016-12	85.0	152.0	121.0	-4.0	-17.0	13.0	229.55763089709245
吉林省	220000.0	2017-03	112.0	116.0	318.0	-39.0	-59.0	20.0	-4507.4301503090055
吉林省	220000.0	2017-06	105.0	116.0	212.0	-11.0	-41.0	30.0	-1036.4829400289907
吉林省	220000.0	2017-09	551.0	167.0	494.0	18.0	-58.0	76.0	9885.242760857329
吉林省	220000.0	2017-12	82.0	43.0	124.0	8.0	-14.0	22.0	2451.1171631354523
吉林省	220000.0	2018-03	92.0	110.0	209.0	-1.0	-22.0	21.0	-409.49925047706733
吉林省	220000.0	2018-06	77.0	90.0	188.0	14.0	-9.0	23.0	2021.6366226526127
吉林省	220000.0	2018-09	683.0	928.0	3238.0	-61.0	-163.0	102.0	42246.44307637962
吉林省	220000.0	2018-12	430.0	739.0	784.0	15.0	-197.0	212.0	6089.404318098424
吉林省	220000.0	2019-03	83.0	269.0	491.0	-28.0	-135.0	107.0	-198.3554705311975
吉林省	220000.0	2019-06	209.0	244.0	501.0	31.0	-65.0	96.0	5238.940025937203
吉林省	220000.0	2019-09	172.0	251.0	619.0	94.0	-92.0	186.0	5082.010180957849
吉林省	220000.0	2019-12	574.0	518.0	1569.0	326.0	-202.0	528.0	32592.86179013953
吉林省	220000.0	2020-03	2261.0	1306.0	4049.0	-460.0	-802.0	342.0	-57084.13447850366
吉林省	220000.0	2020-06	28306.0	41969.0	396067.0	-3206.0	-4350.0	1144.0	-7827361.765459913
吉林省	220000.0	2020-09	816.0	585.0	2210.0	-1072.0	-1315.0	243.0	-25342.76115651765
四川省	510000.0	2014-03	363.0	255.0	353.0	-3.0	-86.0	83.0	3326.004723991854
四川省	510000.0	2014-06	960.0	876.0	1764.0	131.0	-68.0	199.0	29830.099330154993
四川省	510000.0	2014-09	883.0	610.0	2427.0	132.0	-61.0	193.0	20839.975841025727
四川省	510000.0	2014-12	468.0	263.0	1191.0	48.0	-31.0	79.0	7840.318893132984
四川省	510000.0	2015-03	403.0	245.0	1504.0	64.0	-21.0	85.0	12164.80950762169
四川省	510000.0	2015-06	913.0	419.0	2706.0	40.0	-55.0	95.0	10370.950342439
四川省	510000.0	2015-09	579.0	246.0	2437.0	-10.0	-86.0	76.0	1803.074768806195
四川省	510000.0	2015-12	502.0	231.0	2055.0	-114.0	-128.0	14.0	-23027.196028317463
四川省	510000.0	2016-03	545.0	195.0	1852.0	-38.0	-85.0	47.0	-8923.045719307796
四川省	510000.0	2016-06	608.0	223.0	1349.0	-63.0	-87.0	24.0	-13261.456207632535
四川省	510000.0	2016-09	574.0	506.0	2145.0	-66.0	-180.0	114.0	-13220.64511994685
四川省	510000.0	2016-12	1052.0	1020.0	2224.0	-152.0	-283.0	131.0	-20571.44451452718
四川省	510000.0	2017-03	5093.0	1427.0	7607.0	14.0	-209.0	223.0	136162.1734313486
四川省	510000.0	2017-06	2496.0	730.0	3044.0	-37.0	-190.0	153.0	36597.8669573783
四川省	510000.0	2017-09	2320.0	652.0	4451.0	12.0	-155.0	167.0	12508.564462231667
四川省	510000.0	2017-12	1001.0	511.0	2896.0	3.0	-147.0	150.0	8307.867465866599
四川省	510000.0	2018-03	1960.0	1458.0	8209.0	186.0	-120.0	306.0	27043.125057444864
四川省	510000.0	2018-06	2356.0	1220.0	5414.0	86.0	-69.0	155.0	67054.99713023631
四川省	510000.0	2018-09	1918.0	972.0	3086.0	31.0	-129.0	160.0	56732.4334580316
四川省	510000.0	2018-12	4050.0	7443.0	7090.0	140.0	-366.0	506.0	131982.6713877242
四川省	510000.0	2019-03	2979.0	2920.0	5565.0	112.0	-368.0	480.0	62442.45183140423
四川省	510000.0	2019-06	5833.0	2227.0	4819.0	169.0	-274.0	443.0	84447.31687608396
四川省	510000.0	2019-09	12264.0	7443.0	43182.0	445.0	-235.0	669.0	-30245.093651237697
四川省	510000.0	2019-12	34365.0	20584.0	85909.0	1643.0	-721.0	2364.0	-154458.74576547518
四川省	510000.0	2020-03	682039.0	345478.0	1962037.0	-991.0	-2141.0	1150.0	-53305705.02575437
四川省	510000.0	2020-06	233704.0	244577.0	2996811.0	-1877.0	-3401.0	1524.0	-52298055.3811499
四川省	510000.0	2020-09	10738.0	13935.0	71122.0	-762.0	-957.0	195.0	-1352337.6442409891
天津市	120000.0	2016-06	3.0	6.0	13.0	22.0	-56.0	78.0	225.09210851481103
天津市	120000.0	2016-09	1908.0	379.0	363.0	124.0	-117.0	241.0	-6909.94921345725
天津市	120000.0	2016-12	168.0	24.0	54.0	35.0	-31.0	66.0	1254.300080917032
天津市	120000.0	2017-03	137.0	140.0	224.0	-8.0	-22.0	14.0	-383.64417360752503
天津市	120000.0	2017-06	22040.0	90.0	3065.0	-17.0	-85.0	68.0	-2917.574086428357
天津市	120000.0	2017-09	287.0	11.0	318.0	26.0	-43.0	69.0	247.99905008353875
天津市	120000.0	2017-12	473.0	130.0	204.0	24.0	-63.0	87.0	528.5139547073253
天津市	120000.0	2018-03	329.0	2.0	74.0	-60.0	-77.0	17.0	-2476.61452697451
天津市	120000.0	2018-06	248.0	1.0	23.0	-57.0	-73.0	16.0	-1932.8850037146403
天津市	120000.0	2018-09	119.0	12.0	26.0	-33.0	-63.0	30.0	-839.3639325872743
天津市	120000.0	2018-12	438.0	339.0	264.0	-2.0	-52.0	50.0	6797.64892435694
天津市	120000.0	2019-03	992.0	437.0	1077.0	330.0	-113.0	443.0	20213.00568777873
天津市	120000.0	2019-06	2022.0	2187.0	2533.0	754.0	-139.0	893.0	61218.25326978898
天津市	120000.0	2019-09	2269.0	1019.0	1868.0	615.0	-107.0	722.0	48609.33577238514
天津市	120000.0	2019-12	2702.0	1756.0	2693.0	648.0	-109.0	757.0	70104.07074676605
天津市	120000.0	2020-03	2940.0	5703.0	19227.0	-802.0	-1026.0	224.0	-400237.71621636243
天津市	120000.0	2020-06	24380.0	32332.0	290892.0	-1930.0	-2058.0	128.0	-6205879.514590914
天津市	120000.0	2020-09	23.0	23.0	51.0	-3.0	-3.0	0.0	-1642.2872535893623
宁夏回族自治区	640000.0	2014-03	16.0	15.0	3.0	-30.0	-54.0	24.0	-299.30515973525746
宁夏回族自治区	640000.0	2014-06	154.0	119.0	48.0	-28.0	-88.0	60.0	277.28304218932453
宁夏回族自治区	640000.0	2014-09	228.0	122.0	33.0	-19.0	-32.0	13.0	-704.2348595185806
宁夏回族自治区	640000.0	2014-12	50.0	55.0	10.0	-3.0	-10.0	7.0	-41.0794490731532
宁夏回族自治区	640000.0	2015-03	4.0	2.0	7.0	5.0	-3.0	8.0	147.69333081227762
宁夏回族自治区	640000.0	2015-06	43.0	49.0	76.0	33.0	-24.0	57.0	909.1487707294317
宁夏回族自治区	640000.0	2015-09	23.0	40.0	16.0	7.0	-23.0	30.0	305.17642879238883
宁夏回族自治区	640000.0	2015-12	14.0	26.0	11.0	19.0	-1.0	20.0	504.7056441554848
宁夏回族自治区	640000.0	2016-03	20.0	10.0	21.0	7.0	-26.0	33.0	41.07944907315327
宁夏回族自治区	640000.0	2016-06	1.0	8.0	9.0	-1.0	-24.0	23.0	-41.56926133699103
宁夏回族自治区	640000.0	2016-09	4.0	2.0	1.0	2.0	-2.0	4.0	-7.730295669525468
宁夏回族自治区	640000.0	2016-12	0.0	0.0	1.0	1.0	0.0	1.0	16.627704534796415
宁夏回族自治区	640000.0	2017-03	11.0	2.0	16.0	-8.0	-24.0	16.0	-108.08007947617668
宁夏回族自治区	640000.0	2017-06	25.0	15.0	45.0	31.0	-20.0	51.0	498.8311360438923
宁夏回族自治区	640000.0	2017-09	8.0	1.0	10.0	33.0	-9.0	42.0	332.5540906959282
宁夏回族自治区	640000.0	2017-12	0.0	10.0	3.0	-5.0	-12.0	7.0	-149.64934081316775
宁夏回族自治区	640000.0	2018-03	4.0	7.0	15.0	8.0	-10.0	18.0	216.1601589523534
宁夏回族自治区	640000.0	2018-06	7.0	5.0	21.0	9.0	0.0	9.0	349.1817952307247
宁夏回族自治区	640000.0	2018-09	2.0	2.0	4.0	2.0	-1.0	3.0	49.883113604389244
宁夏回族自治区	640000.0	2018-12	28.0	10.0	6.0	1.0	-2.0	3.0	-41.56926133699106
宁夏回族自治区	640000.0	2019-03	4.0	0.0	8.0	-1.0	-3.0	2.0	-24.941556802194626
宁夏回族自治区	640000.0	2019-06	4.0	2.0	18.0	7.0	-4.0	11.0	224.47401121975165
宁夏回族自治区	640000.0	2019-09	15.0	6.0	33.0	4.0	-9.0	13.0	222.03142800948473
宁夏回族自治区	640000.0	2019-12	12.0	5.0	14.0	2.0	-4.0	6.0	122.751774010083
宁夏回族自治区	640000.0	2020-03	1.0	3.0	4.0	-47.0	-57.0	10.0	-317.40230106156724
宁夏回族自治区	640000.0	2020-06	43085.0	162808.0	579458.0	-4.0	-6.0	2.0	-14585694.582466852
宁夏回族自治区	640000.0	2020-09	0.0	0.0	0.0	-1.0	-1.0	0.0	-13.132788842887912
安徽省	340000.0	2014-03	162.0	485.0	98.0	27.0	-47.0	74.0	-2920.688876657708
安徽省	340000.0	2014-06	189.0	367.0	175.0	-24.0	-92.0	68.0	-2814.937010032112
安徽省	340000.0	2014-09	49.0	48.0	48.0	9.0	-19.0	28.0	637.3276792431759
安徽省	340000.0	2014-12	14.0	9.0	30.0	4.0	-6.0	10.0	274.14380244932636
安徽省	340000.0	2015-03	4.0	5.0	19.0	3.0	-2.0	5.0	111.00364013760577
安徽省	340000.0	2015-06	218.0	195.0	198.0	36.0	-10.0	46.0	5845.946811342585
安徽省	340000.0	2015-09	15.0	19.0	41.0	9.0	0.0	9.0	785.9693324166278
安徽省	340000.0	2015-12	75.0	42.0	151.0	25.0	-3.0	28.0	2786.745165331353
安徽省	340000.0	2016-03	89.0	140.0	340.0	10.0	-22.0	32.0	277.51650222978924
安徽省	340000.0	2016-06	13.0	12.0	59.0	21.0	-16.0	37.0	456.243551857717
安徽省	340000.0	2016-09	397.0	284.0	749.0	-10.0	-71.0	61.0	-1595.9204566958847
安徽省	340000.0	2016-12	640.0	326.0	1227.0	49.0	-71.0	120.0	8325.806330742571
安徽省	340000.0	2017-03	474.0	162.0	852.0	-2.0	-70.0	68.0	2719.7352028649752
安徽省	340000.0	2017-06	442.0	338.0	1152.0	101.0	-56.0	157.0	13229.904215777957
安徽省	340000.0	2017-09	717.0	686.0	1502.0	145.0	-43.0	188.0	24670.458316750275
安徽省	340000.0	2017-12	1090.0	643.0	1925.0	108.0	-74.0	182.0	21765.901474797614
安徽省	340000.0	2018-03	611.0	466.0	1483.0	96.0	-100.0	196.0	499.7658323263606
安徽省	340000.0	2018-06	412.0	416.0	1355.0	174.0	-106.0	280.0	14934.521975042911
安徽省	340000.0	2018-09	1264.0	803.0	1976.0	271.0	-115.0	386.0	37157.5290101002
安徽省	340000.0	2018-12	988.0	497.0	1764.0	171.0	-148.0	319.0	10843.899852758228
安徽省	340000.0	2019-03	811.0	428.0	1857.0	210.0	-179.0	389.0	6185.7058963867685
安徽省	340000.0	2019-06	1202.0	1151.0	3562.0	308.0	-377.0	685.0	28953.2969004664
安徽省	340000.0	2019-09	953.0	822.0	3691.0	194.0	-340.0	534.0	15216.089302690521
安徽省	340000.0	2019-12	1776.0	1041.0	5424.0	252.0	-401.0	653.0	12995.975439781925
安徽省	340000.0	2020-03	3260.0	2726.0	11196.0	-1025.0	-1421.0	396.0	-128691.05432671175
安徽省	340000.0	2020-06	35185.0	97712.0	834670.0	-491.0	-1066.0	575.0	-15090315.698686864
安徽省	340000.0	2020-09	201.0	562.0	5186.0	-16.0	-17.0	1.0	-98101.24140914048
山东省	370000.0	2015-09	713.0	69.0	91.0	-60.0	-87.0	27.0	5609.762204201831
山东省	370000.0	2015-12	3770.0	146.0	346.0	-58.0	-217.0	159.0	38242.12077074965
山东省	370000.0	2016-03	3395.0	94.0	312.0	26.0	-145.0	171.0	3582.348264716243
山东省	370000.0	2016-06	3789.0	206.0	816.0	-77.0	-376.0	299.0	4289.181684516098
山东省	370000.0	2016-09	424.0	289.0	548.0	-133.0	-461.0	328.0	-3715.1426653149133
山东省	370000.0	2016-12	544.0	124.0	318.0	-108.0	-279.0	171.0	-4327.2843760908945
山东省	370000.0	2017-03	47.0	11.0	26.0	26.0	-17.0	43.0	745.0753466810314
山东省	370000.0	2017-06	2.0	7.0	14.0	8.0	-4.0	12.0	314.32866188106004
山东省	370000.0	2017-09	248.0	241.0	681.0	90.0	-83.0	173.0	8438.13537424369
山东省	370000.0	2017-12	171.0	162.0	606.0	85.0	-103.0	188.0	7397.986730784997
山东省	370000.0	2018-03	144.0	166.0	343.0	33.0	-69.0	102.0	6003.951942106373
山东省	370000.0	2018-06	298.0	218.0	405.0	-71.0	-253.0	182.0	6380.0925672768135
山东省	370000.0	2018-09	123.0	122.0	272.0	-418.0	-532.0	114.0	-5728.242915516143
山东省	370000.0	2018-12	112.0	39.0	174.0	-292.0	-374.0	82.0	-3549.940356401565
山东省	370000.0	2019-03	107.0	95.0	274.0	-461.0	-606.0	145.0	-6562.796154020896
山东省	370000.0	2019-06	359.0	684.0	1492.0	-821.0	-961.0	140.0	-34025.813666595575
山东省	370000.0	2019-09	1776.0	2782.0	10991.0	-741.0	-863.0	122.0	-175526.9984451653
山东省	370000.0	2019-12	2060.0	2082.0	7139.0	-1306.0	-1565.0	259.0	-90230.42592765977
山东省	370000.0	2020-03	10344.0	19428.0	122464.0	-2236.0	-2591.0	355.0	-2700954.3219509018
山东省	370000.0	2020-06	154702.0	234938.0	2360594.0	-765.0	-1553.0	788.0	-49292341.42396578
山东省	370000.0	2020-09	989.0	4956.0	52302.0	-16.0	-18.0	2.0	154209.16007269986
山西省	140000.0	2015-09	190.0	42.0	48.0	56.0	-44.0	100.0	1611.3078434625447
山西省	140000.0	2015-12	2.0	4.0	0.0	15.0	0.0	15.0	115.09341739018178
山西省	140000.0	2016-03	4.0	32.0	12.0	-8.0	-12.0	4.0	-175.38044554694372
山西省	140000.0	2016-12	661.0	229.0	218.0	39.0	-14.0	53.0	11908.009519955362
山西省	140000.0	2017-03	975.0	991.0	506.0	55.0	-17.0	72.0	3156.7804152184617
山西省	140000.0	2017-06	598.0	298.0	1046.0	204.0	-35.0	239.0	23791.642357167722
山西省	140000.0	2017-09	232.0	163.0	470.0	131.0	-31.0	162.0	10896.377186120884
山西省	140000.0	2017-12	343.0	34.0	404.0	-7.0	-12.0	5.0	8117.435353418909
山西省	140000.0	2018-03	50.0	34.0	82.0	-11.0	-24.0	13.0	548.4753617174937
山西省	140000.0	2018-06	14.0	24.0	29.0	-25.0	-31.0	6.0	-828.8072132619905
山西省	140000.0	2018-09	48.0	38.0	99.0	-13.0	-30.0	17.0	-717.7782987282478
山西省	140000.0	2018-12	211.0	80.0	560.0	-30.0	-111.0	81.0	668.1045547854242
山西省	140000.0	2019-03	162.0	114.0	453.0	-23.0	-92.0	69.0	-123.05646445335651
山西省	140000.0	2019-06	219.0	206.0	775.0	-36.0	-152.0	116.0	-457.6081035890106
山西省	140000.0	2019-09	370.0	143.0	976.0	-27.0	-215.0	188.0	1363.5291191832862
山西省	140000.0	2019-12	9672.0	490.0	21648.0	-9.0	-245.0	236.0	359086.86645664374
山西省	140000.0	2020-03	1288.0	312.0	2696.0	-168.0	-288.0	120.0	11898.777677177664
山西省	140000.0	2020-06	26653.0	64438.0	1028717.0	3.0	-90.0	93.0	-17911886.990290143
山西省	140000.0	2020-09	8.0	30.0	49.0	-3.0	-3.0	0.0	-1481.4202626735946
广东省	440000.0	2014-03	2375.0	484.0	259.0	-73.0	-305.0	232.0	4194.698090210793
广东省	440000.0	2014-06	1981.0	458.0	494.0	-114.0	-298.0	184.0	20314.454673233453
广东省	440000.0	2014-09	17367.0	3946.0	973.0	-120.0	-291.0	171.0	234124.5154187753
广东省	440000.0	2014-12	31122.0	7969.0	596.0	16.0	-176.0	192.0	421652.8849905269
广东省	440000.0	2015-03	41293.0	7560.0	1608.0	96.0	-129.0	225.0	557029.4801577823
广东省	440000.0	2015-06	489.0	462.0	535.0	135.0	-48.0	183.0	15127.960333832472
广东省	440000.0	2015-09	4979.0	2332.0	1394.0	69.0	-190.0	259.0	39024.43289828952
广东省	440000.0	2015-12	2166.0	1903.0	1785.0	178.0	-169.0	347.0	35651.76184025676
广东省	440000.0	2016-03	524.0	1020.0	1129.0	11.0	-261.0	272.0	5624.3871220424835
广东省	440000.0	2016-06	516.0	985.0	927.0	77.0	-199.0	276.0	7412.07078789687
广东省	440000.0	2016-09	597.0	979.0	834.0	106.0	-110.0	216.0	12450.539454093938
广东省	440000.0	2016-12	3702.0	1112.0	1542.0	181.0	-189.0	370.0	60676.29213582334
广东省	440000.0	2017-03	205.0	325.0	380.0	26.0	-189.0	215.0	2964.104624448791
广东省	440000.0	2017-06	83.0	268.0	292.0	-10.0	-179.0	169.0	1686.3428377738787
广东省	440000.0	2017-09	459.0	993.0	799.0	200.0	-181.0	381.0	23137.480901779687
广东省	440000.0	2017-12	589.0	1088.0	961.0	427.0	-96.0	523.0	26388.351753315434
广东省	440000.0	2018-03	1928.0	797.0	1708.0	542.0	-153.0	695.0	23658.39076926202
广东省	440000.0	2018-06	1028.0	627.0	1107.0	488.0	-183.0	671.0	29497.72243995474
广东省	440000.0	2018-09	5768.0	1600.0	5303.0	376.0	-83.0	459.0	72913.615093984
广东省	440000.0	2018-12	141.0	320.0	373.0	221.0	-62.0	283.0	9127.799687005963
广东省	440000.0	2019-03	20709.0	1373.0	3144.0	203.0	-114.0	317.0	231220.08134739732
广东省	440000.0	2019-06	20503.0	15091.0	111035.0	223.0	-262.0	485.0	468289.4786098125
广东省	440000.0	2019-09	1863920.0	192229.0	2400820.0	416.0	-513.0	929.0	52566004.93742244
广东省	440000.0	2019-12	29439.0	23650.0	80547.0	142.0	-1061.0	1203.0	115026.75732405936
广东省	440000.0	2020-03	64157.0	53409.0	302950.0	-1050.0	-1484.0	434.0	-2637482.8348045885
广东省	440000.0	2020-06	335596.0	402745.0	5635715.0	-1011.0	-1499.0	488.0	-110111743.0251863
广东省	440000.0	2020-09	3216.0	5495.0	68901.0	-161.0	-208.0	47.0	-1186465.1392801197
广西壮族自治区	450000.0	2014-03	93.0	73.0	33.0	11.0	-20.0	31.0	703.532938610318
广西壮族自治区	450000.0	2014-06	18.0	13.0	15.0	4.0	-5.0	9.0	-56.78478584064466
广西壮族自治区	450000.0	2014-09	3.0	0.0	10.0	1.0	-3.0	4.0	-14.880961987318193
广西壮族自治区	450000.0	2014-12	249.0	82.0	31.0	355.0	-90.0	445.0	5587.706482740903
广西壮族自治区	450000.0	2015-03	317.0	50.0	66.0	737.0	-186.0	923.0	9983.801151605327
广西壮族自治区	450000.0	2015-06	148.0	28.0	44.0	389.0	-58.0	447.0	5288.920201264376
广西壮族自治区	450000.0	2015-09	38.0	25.0	52.0	-122.0	-179.0	57.0	-499.89333589958744
广西壮族自治区	450000.0	2015-12	7.0	7.0	31.0	-263.0	-276.0	13.0	-1483.929809694327
广西壮族自治区	450000.0	2016-03	1.0	8.0	18.0	-54.0	-63.0	9.0	-216.33689197054213
广西壮族自治区	450000.0	2016-06	1.0	2.0	8.0	7.0	-4.0	11.0	68.87380221490184
广西壮族自治区	450000.0	2016-09	9.0	11.0	14.0	-179.0	-203.0	24.0	-1656.0214694242084
广西壮族自治区	450000.0	2016-12	113.0	13.0	19.0	-80.0	-92.0	12.0	-1261.8425543750773
广西壮族自治区	450000.0	2017-03	0.0	2.0	4.0	0.0	-5.0	5.0	27.631021115928547
广西壮族自治区	450000.0	2017-06	245.0	230.0	388.0	75.0	-116.0	191.0	3471.4574284447963
广西壮族自治区	450000.0	2017-09	169.0	498.0	442.0	103.0	-168.0	271.0	3286.4030873665242
广西壮族自治区	450000.0	2017-12	360.0	370.0	695.0	28.0	-300.0	328.0	6579.351274207471
广西壮族自治区	450000.0	2018-03	415.0	2099.0	1943.0	-100.0	-555.0	455.0	15503.113322963674
广西壮族自治区	450000.0	2018-06	490.0	748.0	2825.0	137.0	-499.0	636.0	28058.239126996476
广西壮族自治区	450000.0	2018-09	2772.0	623.0	510.0	70.0	-361.0	431.0	37094.81368339834
广西壮族自治区	450000.0	2018-12	117.0	280.0	568.0	35.0	-294.0	329.0	7979.663164506344
广西壮族自治区	450000.0	2019-03	294.0	307.0	627.0	101.0	-309.0	410.0	12152.359869341779
广西壮族自治区	450000.0	2019-06	714.0	1530.0	6981.0	263.0	-371.0	634.0	-37483.11653389163
广西壮族自治区	450000.0	2019-09	327.0	791.0	1093.0	297.0	-375.0	672.0	19734.08273282635
广西壮族自治区	450000.0	2019-12	3486.0	3106.0	13057.0	565.0	-653.0	1218.0	104232.54582670979
广西壮族自治区	450000.0	2020-03	5781.0	5400.0	83107.0	-169.0	-848.0	679.0	761026.0869266179
广西壮族自治区	450000.0	2020-06	65284.0	52312.0	238968.0	-3222.0	-5010.0	1788.0	-3901488.7861319003
广西壮族自治区	450000.0	2020-09	5157.0	5515.0	30232.0	-458.0	-664.0	206.0	-495273.67011761153
广西省	820000.0	2016-06	21.0	11.0	35.0	7.0	-4.0	11.0	441.7444465716623
广西省	820000.0	2016-09	1.0	33.0	20.0	5.0	-5.0	10.0	38.08141780790194
广西省	820000.0	2016-12	116.0	20.0	38.0	15.0	0.0	15.0	1439.4775931386926
广西省	820000.0	2017-03	49.0	29.0	29.0	19.0	-3.0	22.0	837.7911917738423
广西省	820000.0	2017-06	0.0	4.0	6.0	5.0	0.0	5.0	114.24425342370577
广西省	820000.0	2017-09	6.0	20.0	10.0	9.0	0.0	9.0	342.7327602711173
广西省	820000.0	2017-12	0.0	0.0	3.0	4.0	0.0	4.0	53.31398493106269
广西省	820000.0	2018-03	2.0	3.0	7.0	2.0	0.0	2.0	106.62796986212538
新疆维吾尔自治区	650000.0	2015-03	0.0	0.0	2.0	-2.0	-2.0	0.0	-22.303796412585264
新疆维吾尔自治区	650000.0	2018-06	2.0	1.0	3.0	3.0	-4.0	7.0	15.879914474173477
新疆维吾尔自治区	650000.0	2018-12	0.0	0.0	0.0	-2.0	-2.0	0.0	-10.586609649448985
新疆维吾尔自治区	650000.0	2019-03	0.0	1.0	1.0	1.0	0.0	1.0	15.879914474173477
新疆维吾尔自治区	650000.0	2019-06	9.0	10.0	19.0	6.0	-7.0	13.0	155.24156451494963
新疆维吾尔自治区	650000.0	2019-09	116.0	58.0	214.0	131.0	-20.0	151.0	4841.552213241264
新疆维吾尔自治区	650000.0	2019-12	191.0	148.0	613.0	248.0	-24.0	272.0	11513.528328869143
新疆维吾尔自治区	650000.0	2020-03	1118.0	1790.0	15134.0	-77.0	-110.0	33.0	-332527.8042383141
新疆维吾尔自治区	650000.0	2020-06	56517.0	82332.0	542099.0	-127.0	-164.0	37.0	-11962623.75448714
新疆维吾尔自治区	650000.0	2020-09	10.0	18.0	40.0	-3.0	-3.0	0.0	-1168.6759849980579
江苏省	320000.0	2019-03	4.0	18.0	16.0	-3.0	-3.0	0.0	-521.7235505847423
江苏省	320000.0	2019-06	1.0	0.0	1.0	-1.0	-1.0	0.0	-26.69222659581285
江苏省	320000.0	2019-09	1.0	3.0	7.0	-1.0	-1.0	0.0	-152.6995757809002
江苏省	320000.0	2019-12	1.0	1.0	3.0	-2.0	-3.0	1.0	-89.07475253885843
江苏省	320000.0	2020-03	2504.0	943.0	13229.0	-430.0	-570.0	140.0	-189126.61110714186
江苏省	320000.0	2020-06	65733.0	109492.0	1487499.0	-79.0	-202.0	123.0	-30264001.25805393
江苏省	320000.0	2020-09	5.0	25.0	52.0	-8.0	-8.0	0.0	-1268.0565154116073
江西省	360000.0	2014-03	758.0	5532.0	122.0	44.0	-57.0	101.0	-27571.598946734073
江西省	360000.0	2014-06	230.0	168.0	56.0	36.0	-8.0	44.0	4562.015880245777
江西省	360000.0	2014-09	820.0	201.0	119.0	0.0	-49.0	49.0	3989.757940605744
江西省	360000.0	2014-12	114.0	49.0	47.0	18.0	-5.0	23.0	2592.635514848238
江西省	360000.0	2015-03	299.0	240.0	206.0	33.0	-46.0	79.0	5498.285109535287
江西省	360000.0	2015-06	76.0	108.0	122.0	21.0	-18.0	39.0	2474.3446095977874
江西省	360000.0	2015-09	188.0	145.0	274.0	-19.0	-75.0	56.0	1626.2338036896394
江西省	360000.0	2015-12	457.0	309.0	813.0	67.0	-58.0	125.0	12079.7029754263
江西省	360000.0	2016-03	69.0	59.0	167.0	9.0	-39.0	48.0	335.2539223547508
江西省	360000.0	2016-06	215.0	141.0	473.0	81.0	-71.0	152.0	4844.800219673045
江西省	360000.0	2016-09	155.0	163.0	537.0	9.0	-73.0	82.0	-4262.544416662297
江西省	360000.0	2016-12	898.0	381.0	1055.0	106.0	-80.0	186.0	24684.207327630487
江西省	360000.0	2017-03	589.0	527.0	917.0	48.0	-163.0	211.0	15706.132462012505
江西省	360000.0	2017-06	246.0	234.0	451.0	85.0	-34.0	119.0	11529.071065821066
江西省	360000.0	2017-09	353.0	224.0	333.0	65.0	-32.0	97.0	9902.097581234988
江西省	360000.0	2017-12	306.0	111.0	185.0	42.0	-8.0	50.0	8120.367337546282
江西省	360000.0	2018-03	206.0	266.0	331.0	40.0	-8.0	48.0	10506.769053301732
江西省	360000.0	2018-06	209.0	211.0	435.0	75.0	-2.0	77.0	11831.65489000931
江西省	360000.0	2018-09	166.0	199.0	334.0	62.0	-6.0	68.0	8982.549540448415
江西省	360000.0	2018-12	191.0	194.0	372.0	75.0	-4.0	79.0	10353.5996631486
江西省	360000.0	2019-03	110.0	84.0	269.0	51.0	-11.0	62.0	6139.401548069668
江西省	360000.0	2019-06	5476.0	1734.0	11813.0	-341.0	-466.0	125.0	-117659.84762585642
江西省	360000.0	2019-09	3068.0	1276.0	5864.0	-356.0	-481.0	125.0	-91447.58340244304
江西省	360000.0	2019-12	1216.0	667.0	3341.0	-182.0	-282.0	100.0	-35331.647107674624
江西省	360000.0	2020-03	3906.0	2353.0	13054.0	-2032.0	-2255.0	223.0	-191964.0188087832
江西省	360000.0	2020-06	15358.0	23308.0	169333.0	-439.0	-543.0	104.0	-3313170.693031056
江西省	360000.0	2020-09	789.0	676.0	14674.0	-10.0	-11.0	1.0	-264708.7883234608
河北省	130000.0	2014-03	119.0	148.0	106.0	-1.0	-47.0	46.0	1204.8797267463879
河北省	130000.0	2014-06	213.0	215.0	150.0	73.0	-110.0	183.0	2283.4867043355757
河北省	130000.0	2014-09	150.0	120.0	97.0	7.0	-153.0	160.0	2391.564266567976
河北省	130000.0	2014-12	94.0	32.0	130.0	-110.0	-167.0	57.0	-653.9621454555153
河北省	130000.0	2015-03	53.0	38.0	117.0	-90.0	-125.0	35.0	-890.6716321471481
河北省	130000.0	2015-06	469.0	408.0	547.0	34.0	-202.0	236.0	7668.427550237692
河北省	130000.0	2015-09	5098.0	666.0	506.0	-5.0	-167.0	162.0	57717.874371030164
河北省	130000.0	2015-12	729.0	165.0	116.0	10.0	-37.0	47.0	8756.006151522603
河北省	130000.0	2016-03	44.0	90.0	103.0	-2.0	-32.0	30.0	-563.3093772801401
河北省	130000.0	2016-06	997.0	119.0	80.0	9.0	-31.0	40.0	9924.950121962842
河北省	130000.0	2016-09	122.0	88.0	106.0	-2.0	-51.0	49.0	-338.70030913428786
河北省	130000.0	2016-12	40.0	53.0	31.0	10.0	-9.0	19.0	880.3812948475518
河北省	130000.0	2017-03	59.0	44.0	44.0	-10.0	-28.0	18.0	-227.4639591828556
河北省	130000.0	2017-06	58.0	58.0	50.0	18.0	-5.0	23.0	1665.506526006837
河北省	130000.0	2017-09	34.0	47.0	61.0	33.0	-7.0	40.0	1356.1415520551047
河北省	130000.0	2017-12	20.0	17.0	27.0	21.0	-17.0	38.0	768.8920224158841
河北省	130000.0	2018-03	4.0	7.0	13.0	7.0	-7.0	14.0	213.96949558899496
河北省	130000.0	2018-06	33.0	87.0	84.0	26.0	-17.0	43.0	1712.638531189155
河北省	130000.0	2018-09	24.0	40.0	76.0	15.0	-16.0	31.0	1002.0373865456481
河北省	130000.0	2018-12	1.0	2.0	6.0	-1.0	-3.0	2.0	-16.602308330990624
河北省	130000.0	2019-03	0.0	6.0	8.0	4.0	-5.0	9.0	162.48544690576563
河北省	130000.0	2019-06	12.0	27.0	129.0	51.0	-20.0	71.0	1720.2050551763855
河北省	130000.0	2019-09	9.0	29.0	79.0	55.0	-10.0	65.0	1280.3594711783992
河北省	130000.0	2019-12	5.0	20.0	88.0	49.0	-8.0	57.0	1329.69681084583
河北省	130000.0	2020-03	8171.0	15945.0	399806.0	129.0	-139.0	268.0	-7863760.574897269
河北省	130000.0	2020-06	57365.0	120139.0	1175279.0	123.0	-117.0	240.0	-25105649.406253673
河北省	130000.0	2020-09	41.0	124.0	342.0	-3.0	-4.0	1.0	-5931.9820105925755
河南省	410000.0	2014-03	25.0	50.0	6.0	0.0	-2.0	2.0	-431.72056530621535
河南省	410000.0	2014-06	36.0	21.0	23.0	4.0	-1.0	5.0	636.2197804512647
河南省	410000.0	2014-12	83.0	15.0	43.0	-5.0	-10.0	5.0	-745.6839804730198
河南省	410000.0	2015-03	443.0	165.0	166.0	-13.0	-43.0	30.0	1964.0070894671837
河南省	410000.0	2015-06	350.0	133.0	160.0	4.0	-15.0	19.0	6804.334238992759
河南省	410000.0	2015-09	1785.0	667.0	575.0	36.0	-14.0	50.0	37411.61805887678
河南省	410000.0	2015-12	1798.0	769.0	1129.0	-109.0	-150.0	41.0	29336.91936257322
河南省	410000.0	2016-03	387.0	187.0	685.0	30.0	-45.0	75.0	3864.413979774039
河南省	410000.0	2016-06	199.0	168.0	435.0	-1.0	-71.0	70.0	3957.3509536085626
河南省	410000.0	2016-09	174.0	194.0	371.0	-66.0	-129.0	63.0	247.90712573848074
河南省	410000.0	2016-12	2479.0	978.0	3174.0	-101.0	-119.0	18.0	79012.70956966924
河南省	410000.0	2017-03	147.0	151.0	208.0	-75.0	-102.0	27.0	651.9596155410705
河南省	410000.0	2017-06	66.0	103.0	284.0	-13.0	-58.0	45.0	4817.916065803308
河南省	410000.0	2017-09	115.0	106.0	260.0	-249.0	-300.0	51.0	-1960.5809840062368
河南省	410000.0	2017-12	30.0	12.0	87.0	-131.0	-212.0	81.0	-1993.3863004607756
河南省	410000.0	2018-03	181.0	232.0	935.0	-5.0	-90.0	85.0	13849.37492109475
河南省	410000.0	2018-06	667.0	468.0	1931.0	111.0	-163.0	274.0	32651.588460893658
河南省	410000.0	2018-09	4256.0	1512.0	14205.0	359.0	-255.0	614.0	238136.27020989204
河南省	410000.0	2018-12	1389.0	889.0	4752.0	267.0	-206.0	473.0	51772.6953923894
河南省	410000.0	2019-03	278.0	293.0	795.0	-58.0	-206.0	148.0	9012.446994849728
河南省	410000.0	2019-06	510.0	302.0	1823.0	-59.0	-375.0	316.0	14340.647554290474
河南省	410000.0	2019-09	1465.0	1351.0	9073.0	-667.0	-978.0	311.0	-105613.41650316714
河南省	410000.0	2019-12	758.0	580.0	2170.0	-543.0	-898.0	355.0	2663.7206262078953
河南省	410000.0	2020-03	18448.0	36228.0	363798.0	-1574.0	-1803.0	229.0	-7074681.222220451
河南省	410000.0	2020-06	34858.0	79485.0	1010258.0	-508.0	-738.0	230.0	-19220143.52706455
河南省	410000.0	2020-09	89.0	186.0	1374.0	-26.0	-29.0	3.0	-27087.250313949502
浙江省	330000.0	2014-03	11511.0	3365.0	23.0	0.0	-47.0	47.0	143564.65772918763
浙江省	330000.0	2014-06	143.0	67.0	37.0	23.0	-12.0	35.0	358.16361602082577
浙江省	330000.0	2014-09	18.0	4.0	14.0	14.0	-9.0	23.0	309.17753868591427
浙江省	330000.0	2014-12	7.0	4.0	9.0	5.0	-3.0	8.0	202.8977597626312
浙江省	330000.0	2015-03	6.0	7.0	7.0	3.0	-2.0	5.0	86.95618275541338
浙江省	330000.0	2015-06	41.0	31.0	21.0	19.0	-19.0	38.0	695.6494620433069
浙江省	330000.0	2015-09	549.0	193.0	5.0	4.0	-21.0	25.0	7198.039572531443
浙江省	330000.0	2015-12	2.0	9.0	1.0	18.0	-12.0	30.0	231.88315401443572
浙江省	330000.0	2016-03	5.0	7.0	11.0	-4.0	-6.0	2.0	-19.430659949065358
浙江省	330000.0	2016-06	40.0	255.0	117.0	-5.0	-50.0	45.0	5.850029319072334
浙江省	330000.0	2016-09	1144.0	1283.0	176.0	-47.0	-106.0	59.0	-29395.831580207792
浙江省	330000.0	2016-12	215.0	147.0	434.0	21.0	-84.0	105.0	1668.421124918825
浙江省	330000.0	2017-03	677.0	214.0	328.0	91.0	-93.0	184.0	11476.602312928888
浙江省	330000.0	2017-06	334.0	385.0	630.0	197.0	-34.0	231.0	13275.878981411674
浙江省	330000.0	2017-09	476.0	362.0	695.0	105.0	-72.0	177.0	4988.86549691879
浙江省	330000.0	2017-12	158.0	123.0	156.0	74.0	-63.0	137.0	3415.1870248967803
浙江省	330000.0	2018-03	178.0	79.0	406.0	121.0	-51.0	172.0	5420.986728243099
浙江省	330000.0	2018-06	280.0	120.0	215.0	128.0	-65.0	193.0	5509.8659989924345
浙江省	330000.0	2018-09	982.0	451.0	1523.0	287.0	-190.0	477.0	28466.027026791086
浙江省	330000.0	2018-12	644.0	289.0	862.0	265.0	-209.0	474.0	16631.994630706187
浙江省	330000.0	2019-03	918.0	622.0	1304.0	315.0	-240.0	555.0	30626.35699173893
浙江省	330000.0	2019-06	922.0	1028.0	3874.0	402.0	-300.0	702.0	62341.78092373477
浙江省	330000.0	2019-09	4671.0	3110.0	9277.0	475.0	-412.0	887.0	105444.11662326955
浙江省	330000.0	2019-12	11722.0	5979.0	20171.0	745.0	-925.0	1670.0	182464.34089195204
浙江省	330000.0	2020-03	30485.0	41350.0	242683.0	-860.0	-1819.0	959.0	-4296654.801626276
浙江省	330000.0	2020-06	116954.0	164660.0	2073211.0	-304.0	-985.0	681.0	-31021086.828398533
浙江省	330000.0	2020-09	1995.0	8622.0	117366.0	-22.0	-34.0	12.0	-2091758.594714878
海南省	460000.0	2014-03	9.0	7.0	7.0	-3.0	-7.0	4.0	-50.81683473122896
海南省	460000.0	2014-06	6.0	3.0	2.0	-4.0	-4.0	0.0	-127.0420868280724
海南省	460000.0	2014-09	13.0	7.0	4.0	-3.0	-6.0	3.0	-76.22525209684345
海南省	460000.0	2014-12	0.0	3.0	1.0	-3.0	-4.0	1.0	8.469472455204826
海南省	460000.0	2015-03	0.0	0.0	1.0	5.0	0.0	5.0	53.08847052701201
海南省	460000.0	2015-06	0.0	1.0	1.0	1.0	-1.0	2.0	-7.712260523277143
海南省	460000.0	2015-09	5.0	0.0	6.0	-4.0	-8.0	4.0	-44.24039210584334
海南省	460000.0	2016-06	3.0	2.0	7.0	-1.0	-8.0	7.0	79.63270579051802
海南省	460000.0	2016-09	12.0	4.0	14.0	-6.0	-7.0	1.0	-300.8346663197347
海南省	460000.0	2016-12	1.0	0.0	1.0	7.0	0.0	7.0	79.632705790518
海南省	460000.0	2017-03	13.0	16.0	43.0	22.0	-14.0	36.0	630.8255516375986
海南省	460000.0	2017-06	1.0	1.0	5.0	-10.0	-15.0	5.0	-49.43713767796468
海南省	460000.0	2017-09	30.0	165.0	175.0	13.0	-27.0	40.0	2699.721484269032
海南省	460000.0	2017-12	29.0	15.0	176.0	52.0	-35.0	87.0	1324.1124313622413
海南省	460000.0	2018-03	10.0	22.0	223.0	38.0	-70.0	108.0	1172.070313291588
海南省	460000.0	2018-06	5.0	34.0	133.0	24.0	-53.0	77.0	852.8069284381833
海南省	460000.0	2018-09	8666.0	4083.0	5360.0	232.0	-169.0	401.0	76725.54825068191
海南省	460000.0	2018-12	4838.0	1877.0	4394.0	448.0	-222.0	670.0	62720.48672332121
海南省	460000.0	2019-03	3520.0	1861.0	4193.0	169.0	-310.0	479.0	-28354.33192921613
海南省	460000.0	2019-06	2180.0	1705.0	5996.0	231.0	-557.0	788.0	52979.68049636986
海南省	460000.0	2019-09	1043.0	778.0	2658.0	438.0	-519.0	957.0	31461.42559053078
海南省	460000.0	2019-12	6317.0	7945.0	26685.0	723.0	-607.0	1330.0	423144.8240128192
海南省	460000.0	2020-03	2820.0	4662.0	17725.0	-326.0	-811.0	485.0	-148056.51482931545
海南省	460000.0	2020-06	109433.0	67256.0	974570.0	-2387.0	-3480.0	1093.0	-20210135.201596007
海南省	460000.0	2020-09	832.0	748.0	5010.0	-364.0	-523.0	159.0	-79375.1013044029
湖北省	420000.0	2014-03	358.0	454.0	163.0	37.0	-7.0	44.0	7597.319735248196
湖北省	420000.0	2014-06	62.0	94.0	48.0	23.0	-17.0	40.0	1007.6181364311353
湖北省	420000.0	2014-09	75.0	190.0	52.0	18.0	0.0	18.0	3276.355158446165
湖北省	420000.0	2014-12	269.0	262.0	124.0	54.0	-14.0	68.0	3788.1957046109464
湖北省	420000.0	2015-03	240.0	221.0	160.0	37.0	-12.0	49.0	5459.232838231646
湖北省	420000.0	2015-06	1929.0	389.0	249.0	159.0	-41.0	200.0	19702.131832353723
湖北省	420000.0	2015-09	4598.0	768.0	878.0	162.0	-23.0	185.0	71494.90239322335
湖北省	420000.0	2015-12	155.0	99.0	165.0	24.0	-5.0	29.0	4361.490998372144
湖北省	420000.0	2016-03	49.0	49.0	101.0	9.0	-19.0	28.0	657.2314763717644
湖北省	420000.0	2016-06	127.0	115.0	172.0	24.0	-10.0	34.0	2694.676138129678
湖北省	420000.0	2016-09	314.0	114.0	276.0	12.0	-24.0	36.0	4967.5694644060895
湖北省	420000.0	2016-12	204.0	250.0	814.0	27.0	-8.0	35.0	15372.938557604353
湖北省	420000.0	2017-03	930.0	694.0	492.0	35.0	-16.0	51.0	25611.66399457579
湖北省	420000.0	2017-06	869.0	940.0	514.0	62.0	-33.0	95.0	28991.735787384918
湖北省	420000.0	2017-09	615.0	744.0	457.0	23.0	-46.0	69.0	9863.364756716208
湖北省	420000.0	2017-12	781.0	949.0	365.0	27.0	-21.0	48.0	21926.481010405336
湖北省	420000.0	2018-03	541.0	565.0	246.0	22.0	-15.0	37.0	11442.583096206228
湖北省	420000.0	2018-06	567.0	981.0	553.0	40.0	-26.0	66.0	24918.24972754481
湖北省	420000.0	2018-09	758.0	484.0	532.0	38.0	-17.0	55.0	15398.664181775222
湖北省	420000.0	2018-12	2073.0	1570.0	1206.0	70.0	-87.0	157.0	58885.00451539623
湖北省	420000.0	2019-03	428.0	296.0	1146.0	56.0	-188.0	244.0	8048.816532559372
湖北省	420000.0	2019-06	877.0	831.0	1761.0	221.0	-98.0	319.0	36372.937222328546
湖北省	420000.0	2019-09	2289.0	2212.0	6726.0	336.0	-84.0	420.0	138131.30706753154
湖北省	420000.0	2019-12	2094.0	2524.0	10232.0	-296.0	-659.0	363.0	38477.4722236886
湖北省	420000.0	2020-03	117732.0	66593.0	590986.0	-2694.0	-2843.0	149.0	-12486219.153493358
湖北省	420000.0	2020-06	4062375.0	1270368.0	20568341.0	-1285.0	-1351.0	66.0	-384279382.0908812
湖北省	420000.0	2020-09	3918.0	1817.0	21530.0	-18.0	-20.0	2.0	-446666.404250388
湖南省	430000.0	2014-03	204.0	74.0	52.0	15.0	-49.0	64.0	1614.9323070730459
湖南省	430000.0	2014-06	94.0	84.0	79.0	-48.0	-127.0	79.0	-155.16302824012988
湖南省	430000.0	2014-09	303.0	338.0	88.0	-35.0	-124.0	89.0	6443.491728384139
湖南省	430000.0	2014-12	76.0	56.0	92.0	90.0	-115.0	205.0	2615.083099735089
湖南省	430000.0	2015-03	17.0	11.0	45.0	65.0	-43.0	108.0	970.9160928548711
湖南省	430000.0	2015-06	5054.0	3173.0	501.0	57.0	-25.0	82.0	53894.69954384576
湖南省	430000.0	2015-09	25468.0	642.0	223.0	17.0	-19.0	36.0	-254091.2584410311
湖南省	430000.0	2015-12	52.0	26.0	117.0	26.0	-5.0	31.0	2129.0139602154513
湖南省	430000.0	2016-03	253.0	174.0	858.0	37.0	-28.0	65.0	2650.92498388516
湖南省	430000.0	2016-06	497.0	205.0	874.0	35.0	-2.0	37.0	15540.332896519772
湖南省	430000.0	2016-09	11.0	28.0	60.0	0.0	-23.0	23.0	-299.43915581787974
湖南省	430000.0	2016-12	226.0	214.0	2241.0	8.0	-14.0	22.0	1528.435048550824
湖南省	430000.0	2017-03	16.0	11.0	31.0	11.0	-8.0	19.0	73.64759869086338
湖南省	430000.0	2017-06	36.0	46.0	145.0	17.0	-5.0	22.0	1832.527572443776
湖南省	430000.0	2017-09	3.0	7.0	8.0	3.0	-5.0	8.0	77.30287270822285
湖南省	430000.0	2017-12	2.0	3.0	16.0	5.0	0.0	5.0	278.2498613895161
湖南省	430000.0	2018-03	299.0	56.0	77.0	10.0	-25.0	35.0	5220.230981969746
湖南省	430000.0	2018-06	2426.0	146.0	272.0	136.0	-18.0	154.0	33005.67549790029
湖南省	430000.0	2018-09	4089.0	153.0	186.0	92.0	-7.0	99.0	56750.88510316346
湖南省	430000.0	2018-12	8653.0	416.0	992.0	69.0	-85.0	154.0	79793.08059639344
湖南省	430000.0	2019-03	10761.0	830.0	2077.0	144.0	-177.0	321.0	82043.33431199148
湖南省	430000.0	2019-06	11472.0	1508.0	2965.0	221.0	-147.0	368.0	101613.12704358337
湖南省	430000.0	2019-09	15543.0	476.0	1758.0	378.0	-133.0	511.0	180526.27921267346
湖南省	430000.0	2019-12	37705.0	1439.0	4425.0	446.0	-167.0	613.0	344134.63987345505
湖南省	430000.0	2020-03	22151.0	10030.0	74722.0	-555.0	-1055.0	500.0	-1544042.7358724687
湖南省	430000.0	2020-06	1636210.0	573474.0	8687126.0	-1994.0	-2859.0	865.0	-141516725.64548594
湖南省	430000.0	2020-09	170447.0	47408.0	625339.0	-259.0	-350.0	91.0	-9312350.070765572
澳门特别行政区	820000.0	2018-09	0.0	0.0	0.0	-1.0	-1.0	0.0	-8.89740886527095
澳门特别行政区	820000.0	2019-03	0.0	0.0	2.0	-2.0	-2.0	0.0	-35.5896354610838
澳门特别行政区	820000.0	2019-12	1.0	0.0	1.0	-12.0	-14.0	2.0	-172.20123248517146
澳门特别行政区	820000.0	2020-03	1.0	0.0	0.0	-1.0	-1.0	0.0	-28.70020541419525
澳门特别行政区	820000.0	2020-06	6.0	58.0	68.0	-3.0	-3.0	0.0	-2217.9101491429515
甘肃省	620000.0	2014-03	2001.0	416.0	418.0	5.0	-5.0	10.0	-13799.10811974594
甘肃省	620000.0	2014-06	2067.0	458.0	828.0	13.0	-2.0	15.0	39554.15188120203
甘肃省	620000.0	2014-09	1118.0	304.0	390.0	17.0	-10.0	27.0	23442.729841827102
甘肃省	620000.0	2014-12	1095.0	161.0	249.0	30.0	-12.0	42.0	16986.21167830231
甘肃省	620000.0	2015-03	102.0	7.0	23.0	7.0	-4.0	11.0	1505.241786893701
甘肃省	620000.0	2015-06	1302.0	198.0	739.0	10.0	-7.0	17.0	20177.165892235622
甘肃省	620000.0	2015-09	175.0	172.0	142.0	9.0	-1.0	10.0	5115.865542742853
甘肃省	620000.0	2015-12	747.0	271.0	885.0	7.0	-8.0	15.0	864.7887324542546
甘肃省	620000.0	2016-03	3594.0	797.0	3699.0	33.0	-18.0	51.0	68001.65304502673
甘肃省	620000.0	2016-06	2587.0	842.0	2810.0	15.0	-18.0	33.0	-2692.4787584842884
甘肃省	620000.0	2016-09	2337.0	721.0	3061.0	-3.0	-18.0	15.0	14104.358893593477
甘肃省	620000.0	2016-12	1555.0	697.0	2271.0	1.0	-19.0	20.0	-6881.781856807437
甘肃省	620000.0	2017-03	4549.0	1155.0	5643.0	4.0	-48.0	52.0	-17223.66471999606
甘肃省	620000.0	2017-06	4830.0	852.0	4956.0	38.0	-23.0	61.0	73629.05693240691
甘肃省	620000.0	2017-09	2743.0	780.0	4075.0	62.0	-41.0	103.0	64658.85629703396
甘肃省	620000.0	2017-12	814.0	323.0	1765.0	35.0	-27.0	62.0	2116.7140314001085
甘肃省	620000.0	2018-03	3746.0	982.0	8962.0	51.0	-25.0	76.0	51263.52005190437
甘肃省	620000.0	2018-06	31025.0	14215.0	95555.0	89.0	-21.0	110.0	-894601.745347322
甘肃省	620000.0	2018-09	15054.0	7379.0	24265.0	94.0	-23.0	117.0	418513.1326931128
甘肃省	620000.0	2018-12	8779.0	4103.0	21404.0	67.0	-48.0	115.0	205770.83685510288
甘肃省	620000.0	2019-03	5439.0	1902.0	18513.0	96.0	-135.0	231.0	49520.05254914034
甘肃省	620000.0	2019-06	21109.0	7893.0	56590.0	411.0	-127.0	538.0	978041.8757095182
甘肃省	620000.0	2019-09	61859.0	25172.0	197757.0	498.0	-239.0	737.0	2715169.551349295
甘肃省	620000.0	2019-12	77027.0	40956.0	432092.0	560.0	-1057.0	1606.0	5717149.447799534
甘肃省	620000.0	2020-03	60499.0	33775.0	225218.0	-1081.0	-2050.0	969.0	-221437.15951737599
甘肃省	620000.0	2020-06	151766.0	84744.0	831213.0	-2019.0	-3168.0	1149.0	-11701380.178854879
甘肃省	620000.0	2020-09	2472.0	911.0	12551.0	-478.0	-638.0	160.0	-149739.2951204567
福建省	350000.0	2016-12	2937.0	901.0	1786.0	54.0	-1.0	55.0	73937.9341127183
福建省	350000.0	2017-03	2283.0	1081.0	2008.0	87.0	-5.0	92.0	70649.1189606457
福建省	350000.0	2017-06	687.0	452.0	1271.0	-208.0	-257.0	49.0	19814.128306620616
福建省	350000.0	2017-09	564.0	632.0	1336.0	-128.0	-197.0	69.0	11094.55178682992
福建省	350000.0	2017-12	596.0	327.0	895.0	53.0	-9.0	62.0	22436.762596631248
福建省	350000.0	2018-03	559.0	428.0	1304.0	75.0	-19.0	94.0	23211.416986169996
福建省	350000.0	2018-06	841.0	587.0	1574.0	-223.0	-324.0	101.0	13465.489272525534
福建省	350000.0	2018-09	610.0	431.0	1534.0	-75.0	-170.0	95.0	22838.924077067026
福建省	350000.0	2018-12	3387.0	892.0	1530.0	102.0	-11.0	113.0	76348.38391531455
福建省	350000.0	2019-03	1356.0	535.0	1700.0	-68.0	-184.0	116.0	27921.015378760556
福建省	350000.0	2019-06	188.0	138.0	581.0	-76.0	-125.0	49.0	459.5788870601553
福建省	350000.0	2019-09	415.0	132.0	853.0	93.0	-13.0	106.0	19089.214015979807
福建省	350000.0	2019-12	5954.0	4476.0	6141.0	138.0	-133.0	271.0	-111726.6858402353
福建省	350000.0	2020-03	4667.0	3950.0	11364.0	34.0	-394.0	428.0	-113796.82515983631
福建省	350000.0	2020-06	17865.0	31585.0	364734.0	10.0	-138.0	148.0	-7561167.3093577875
福建省	350000.0	2020-09	17.0	31.0	112.0	0.0	-2.0	2.0	-361.62881838136104
西藏自治区	540000.0	2017-12	320.0	106.0	513.0	76.0	-11.0	87.0	11721.550473315114
西藏自治区	540000.0	2018-03	4349.0	227.0	632.0	68.0	-17.0	85.0	64423.788860968576
西藏自治区	540000.0	2018-06	221.0	172.0	958.0	107.0	-10.0	117.0	18151.146861622077
西藏自治区	540000.0	2018-09	219.0	96.0	490.0	111.0	-40.0	151.0	9459.048364507282
西藏自治区	540000.0	2018-12	231.0	159.0	407.0	79.0	-26.0	105.0	5522.039045225882
西藏自治区	540000.0	2019-03	179.0	82.0	311.0	60.0	-24.0	84.0	6288.98891261836
西藏自治区	540000.0	2019-06	144.0	80.0	343.0	57.0	-40.0	97.0	5036.361662352102
西藏自治区	540000.0	2019-09	230.0	86.0	405.0	100.0	-18.0	118.0	8781.575981643931
西藏自治区	540000.0	2019-12	608.0	384.0	1077.0	100.0	-67.0	167.0	20747.44921748605
西藏自治区	540000.0	2020-03	2003.0	1208.0	8212.0	-24.0	-244.0	220.0	18022.621922343154
西藏自治区	540000.0	2020-06	39951.0	46501.0	660595.0	37.0	-61.0	98.0	-12840295.858271578
西藏自治区	540000.0	2020-09	4.0	2.0	26.0	-1.0	-1.0	0.0	-433.3820318153011
贵州省	520000.0	2014-03	6563.0	1092.0	202.0	21.0	-31.0	52.0	-41349.4345142619
贵州省	520000.0	2014-06	1063.0	487.0	264.0	107.0	-59.0	166.0	4173.643812128855
贵州省	520000.0	2014-09	148596.0	33318.0	1203.0	78.0	-90.0	168.0	-2439516.4842171646
贵州省	520000.0	2014-12	272.0	133.0	73.0	16.0	-21.0	37.0	-2002.1131628457433
贵州省	520000.0	2015-03	723.0	351.0	240.0	-7.0	-36.0	29.0	-12784.352275344292
贵州省	520000.0	2015-06	606.0	383.0	472.0	60.0	-43.0	103.0	-6732.367861161205
贵州省	520000.0	2015-09	64.0	220.0	154.0	23.0	-15.0	38.0	703.45126037914
贵州省	520000.0	2015-12	132.0	92.0	299.0	15.0	-17.0	32.0	-2869.099510082777
贵州省	520000.0	2016-03	916.0	339.0	594.0	7.0	-18.0	25.0	-23625.58212596841
贵州省	520000.0	2016-06	416.0	239.0	495.0	36.0	-66.0	102.0	-3145.14666753787
贵州省	520000.0	2016-09	921.0	6734.0	4199.0	-13.0	-96.0	83.0	-147695.51055883296
贵州省	520000.0	2016-12	234.0	401.0	705.0	51.0	-53.0	104.0	-10697.630163431399
贵州省	520000.0	2017-03	748.0	5266.0	1291.0	-26.0	-52.0	26.0	-96453.20563143045
贵州省	520000.0	2017-06	1563.0	623.0	903.0	14.0	-58.0	72.0	-11099.255535318514
贵州省	520000.0	2017-09	590.0	662.0	562.0	69.0	-44.0	113.0	486.90614077953296
贵州省	520000.0	2017-12	348.0	867.0	646.0	21.0	-24.0	45.0	-18648.157322198196
贵州省	520000.0	2018-03	160.0	242.0	210.0	38.0	-14.0	52.0	312.2070805008809
贵州省	520000.0	2018-06	441.0	223.0	228.0	23.0	-11.0	34.0	7591.701605072092
贵州省	520000.0	2018-09	371.0	512.0	531.0	84.0	-12.0	96.0	6233.604551142647
贵州省	520000.0	2018-12	4508.0	763.0	1143.0	8.0	-31.0	39.0	-60212.92449874863
贵州省	520000.0	2019-03	418.0	107.0	525.0	-5.0	-39.0	34.0	-6643.3974892844535
贵州省	520000.0	2019-06	344.0	354.0	486.0	-15.0	-55.0	40.0	-787.0672639687598
贵州省	520000.0	2019-09	1338.0	623.0	1227.0	39.0	-68.0	107.0	10843.65158526183
贵州省	520000.0	2019-12	1395.0	1086.0	3398.0	3.0	-57.0	60.0	-46721.59230383386
贵州省	520000.0	2020-03	1399.0	1014.0	4413.0	172.0	-127.0	299.0	34543.98655101219
贵州省	520000.0	2020-06	34213.0	38200.0	607653.0	-1245.0	-3050.0	1805.0	-9757091.797357608
贵州省	520000.0	2020-09	1861.0	1909.0	27472.0	-360.0	-493.0	133.0	-295699.24791857303
辽宁省	210000.0	2014-03	177.0	272.0	30.0	6.0	-12.0	18.0	-220.00055732907515
辽宁省	210000.0	2014-06	372.0	705.0	232.0	63.0	-121.0	184.0	2229.7840607493
辽宁省	210000.0	2014-09	425.0	309.0	196.0	77.0	-109.0	186.0	5344.922034740794
辽宁省	210000.0	2014-12	150.0	171.0	78.0	-39.0	-107.0	68.0	1068.2157976487154
辽宁省	210000.0	2015-03	228.0	404.0	152.0	-32.0	-89.0	57.0	3639.897110168309
辽宁省	210000.0	2015-06	275.0	529.0	491.0	59.0	-67.0	126.0	5178.559315108207
辽宁省	210000.0	2015-09	332.0	455.0	231.0	105.0	-30.0	135.0	8260.146597519592
辽宁省	210000.0	2015-12	76.0	33.0	23.0	31.0	-7.0	38.0	1357.311936425174
辽宁省	210000.0	2016-03	55.0	167.0	73.0	10.0	-21.0	31.0	795.2861215128041
辽宁省	210000.0	2016-06	352.0	902.0	1452.0	100.0	-45.0	145.0	23034.981588177336
辽宁省	210000.0	2016-09	149.0	348.0	505.0	113.0	-38.0	151.0	3773.473788711589
辽宁省	210000.0	2016-12	37.0	117.0	78.0	23.0	-14.0	37.0	1002.666771613412
辽宁省	210000.0	2017-03	92.0	380.0	253.0	28.0	-35.0	63.0	3163.214882531488
辽宁省	210000.0	2017-06	515.0	2456.0	3016.0	0.0	-152.0	152.0	31470.164356662797
辽宁省	210000.0	2017-09	754.0	863.0	1574.0	61.0	-57.0	118.0	18118.81239455286
辽宁省	210000.0	2017-12	31.0	120.0	114.0	12.0	-11.0	23.0	1521.1799562551078
辽宁省	210000.0	2018-03	53.0	111.0	150.0	36.0	-11.0	47.0	2290.690712715722
辽宁省	210000.0	2018-06	50.0	405.0	302.0	89.0	-31.0	120.0	4141.8943181763825
辽宁省	210000.0	2018-09	37.0	797.0	363.0	52.0	-18.0	70.0	10749.738992863473
辽宁省	210000.0	2018-12	26.0	23.0	81.0	10.0	-32.0	42.0	982.3180326305275
辽宁省	210000.0	2019-03	6.0	75.0	70.0	-22.0	-44.0	22.0	-1026.098684187548
辽宁省	210000.0	2019-06	531.0	624.0	426.0	-31.0	-116.0	85.0	-10033.163178354172
辽宁省	210000.0	2019-09	1073.0	1483.0	3282.0	-10.0	-230.0	220.0	-23286.574539893732
辽宁省	210000.0	2019-12	2970.0	2773.0	9129.0	38.0	-190.0	228.0	47779.697846812756
辽宁省	210000.0	2020-03	1907.0	1205.0	6271.0	-63.0	-318.0	255.0	-4705.930271254043
辽宁省	210000.0	2020-06	24920.0	45565.0	439375.0	-38.0	-179.0	141.0	-9381363.016616095
辽宁省	210000.0	2020-09	39.0	61.0	147.0	-8.0	-9.0	1.0	-4089.294617720706
重庆市	500000.0	2014-03	65207.0	52569.0	301.0	7.0	-22.0	29.0	-1193741.628818399
重庆市	500000.0	2014-06	35.0	36.0	46.0	-18.0	-28.0	10.0	258.21553148521787
重庆市	500000.0	2014-09	3352.0	536.0	48.0	3.0	-5.0	8.0	-32164.673813267305
重庆市	500000.0	2014-12	5979.0	1184.0	194.0	-93.0	-157.0	64.0	5405.097201331202
重庆市	500000.0	2015-03	1996.0	1164.0	696.0	-39.0	-78.0	39.0	-24691.8614543253
重庆市	500000.0	2015-06	451.0	319.0	325.0	99.0	-35.0	134.0	10621.411875153977
重庆市	500000.0	2015-09	2606.0	1557.0	742.0	0.0	-178.0	178.0	44403.00315571704
重庆市	500000.0	2015-12	6219.0	1856.0	1399.0	-106.0	-216.0	110.0	62827.77672256644
重庆市	500000.0	2016-03	295.0	611.0	851.0	-59.0	-163.0	104.0	-894.5089384372801
重庆市	500000.0	2016-06	776.0	797.0	832.0	16.0	-30.0	46.0	20948.143388714212
重庆市	500000.0	2016-09	233.0	133.0	618.0	27.0	-6.0	33.0	9598.881713906998
重庆市	500000.0	2016-12	9.0	11.0	39.0	3.0	-1.0	4.0	371.5113175734867
重庆市	500000.0	2017-09	1698.0	2247.0	3921.0	22.0	0.0	22.0	88556.70053719112
重庆市	500000.0	2017-12	246.0	47.0	169.0	99.0	-17.0	116.0	6074.989408721581
重庆市	500000.0	2018-03	321.0	344.0	281.0	171.0	-56.0	227.0	10740.80920750291
重庆市	500000.0	2018-06	46.0	46.0	171.0	195.0	-43.0	238.0	4666.489606565257
重庆市	500000.0	2018-09	302.0	81.0	258.0	193.0	-82.0	275.0	9098.387628046705
重庆市	500000.0	2018-12	2623.0	814.0	296.0	108.0	-98.0	206.0	45183.56281817598
重庆市	500000.0	2019-03	6.0	4.0	38.0	-20.0	-67.0	47.0	-30.41486073102743
重庆市	500000.0	2019-06	4408.0	1642.0	4293.0	113.0	-44.0	157.0	29791.348619096698
重庆市	500000.0	2019-09	778.0	688.0	913.0	148.0	-33.0	181.0	27708.228413111883
重庆市	500000.0	2019-12	269.0	194.0	278.0	101.0	-19.0	120.0	9648.273930387062
重庆市	500000.0	2020-03	80.0	243.0	662.0	85.0	-52.0	137.0	-9638.05818811431
重庆市	500000.0	2020-06	56861.0	126881.0	2323314.0	-67.0	-70.0	3.0	-46522556.717111796
重庆市	500000.0	2020-09	38.0	66.0	222.0	-12.0	-13.0	1.0	-5270.579968888114
陕西省	610000.0	2014-03	64.0	34.0	22.0	22.0	-3.0	25.0	1301.2642058436281
陕西省	610000.0	2014-06	67.0	44.0	23.0	13.0	-5.0	18.0	794.63811214688
陕西省	610000.0	2014-09	3.0	4.0	2.0	1.0	-1.0	2.0	36.79135403142583
陕西省	610000.0	2014-12	39.0	22.0	20.0	-6.0	-22.0	16.0	616.7530551559795
陕西省	610000.0	2015-03	42.0	19.0	24.0	-184.0	-197.0	13.0	-1687.3775342091735
陕西省	610000.0	2015-06	220.0	55.0	111.0	-181.0	-202.0	21.0	-3050.2341258546835
陕西省	610000.0	2015-09	314.0	172.0	283.0	-168.0	-178.0	10.0	-5362.88656396971
陕西省	610000.0	2015-12	237.0	87.0	204.0	-147.0	-166.0	19.0	-2639.0571830886192
陕西省	610000.0	2016-03	523.0	77.0	428.0	-199.0	-238.0	39.0	-6460.674358564764
陕西省	610000.0	2016-06	169.0	68.0	205.0	-97.0	-109.0	12.0	-2969.2422680001414
陕西省	610000.0	2016-09	76.0	37.0	104.0	-51.0	-72.0	21.0	-550.5647740954641
陕西省	610000.0	2016-12	42.0	17.0	46.0	-35.0	-68.0	33.0	-517.4793202047922
陕西省	610000.0	2017-03	67.0	44.0	67.0	-36.0	-55.0	19.0	-1179.1056117935188
陕西省	610000.0	2017-06	51.0	49.0	82.0	7.0	-9.0	16.0	-1093.4971684131165
陕西省	610000.0	2017-09	1550.0	1693.0	444.0	30.0	-9.0	39.0	-42356.84407336916
陕西省	610000.0	2017-12	435.0	190.0	184.0	2.0	-9.0	11.0	1108.9934493279666
陕西省	610000.0	2018-03	107916.0	3336.0	11340.0	-44.0	-83.0	39.0	-1576841.754611904
陕西省	610000.0	2018-06	710.0	521.0	2720.0	-2.0	-151.0	149.0	-14573.103807898113
陕西省	610000.0	2018-09	2573.0	1489.0	6647.0	188.0	-263.0	451.0	7202.223713400472
陕西省	610000.0	2018-12	1822.0	1673.0	4129.0	154.0	-259.0	413.0	-8521.404525296304
陕西省	610000.0	2019-03	1627.0	1305.0	3875.0	267.0	-229.0	496.0	15763.488754518556
陕西省	610000.0	2019-06	3343.0	1462.0	4468.0	266.0	-253.0	519.0	53588.732015137066
陕西省	610000.0	2019-09	7368.0	5056.0	10292.0	93.0	-324.0	406.0	113776.86552304777
陕西省	610000.0	2019-12	8207.0	12099.0	37756.0	353.0	-428.0	781.0	450935.33508139866
陕西省	610000.0	2020-03	25755.0	12778.0	87560.0	-1833.0	-2287.0	454.0	-1661424.6041232252
陕西省	610000.0	2020-06	129437.0	113529.0	1463498.0	-1865.0	-3363.0	1498.0	-21504811.3767634
陕西省	610000.0	2020-09	941.0	481.0	2212.0	-184.0	-370.0	186.0	-24935.700679358833
青海省	630000.0	2014-03	57.0	29.0	61.0	-1.0	-3.0	2.0	-958.3009255014314
青海省	630000.0	2014-06	39.0	49.0	118.0	5.0	-7.0	12.0	493.86629057452126
青海省	630000.0	2014-09	23.0	50.0	110.0	9.0	-6.0	15.0	1142.8001587512751
青海省	630000.0	2014-12	9.0	12.0	30.0	4.0	-4.0	8.0	179.14887560791936
青海省	630000.0	2015-03	24.0	10.0	14.0	1.0	-2.0	3.0	267.0307824438298
青海省	630000.0	2015-06	1.0	2.0	1.0	-2.0	-2.0	0.0	-41.08165883751228
青海省	630000.0	2015-12	0.0	5.0	6.0	-1.0	-4.0	3.0	68.4694313958538
青海省	630000.0	2016-03	21.0	4.0	25.0	-11.0	-17.0	6.0	15.259859394714205
青海省	630000.0	2016-06	20.0	2.0	7.0	-23.0	-28.0	5.0	-234.13225707733426
青海省	630000.0	2016-09	61.0	37.0	82.0	-111.0	-242.0	131.0	-1659.508498820172
青海省	630000.0	2016-12	61.0	11.0	28.0	-168.0	-258.0	90.0	-1741.3992227706117
青海省	630000.0	2017-03	99.0	34.0	92.0	-153.0	-241.0	88.0	-1417.497264931705
青海省	630000.0	2017-06	340.0	187.0	498.0	47.0	-208.0	255.0	5640.3925273303585
青海省	630000.0	2017-09	154.0	196.0	240.0	-50.0	-259.0	209.0	1600.6489406176206
青海省	630000.0	2017-12	67.0	42.0	212.0	-43.0	-100.0	57.0	-10.190888778859364
青海省	630000.0	2018-03	24.0	16.0	34.0	17.0	-2.0	19.0	571.8955814660499
青海省	630000.0	2018-06	13.0	13.0	18.0	6.0	-20.0	26.0	372.77497764198785
青海省	630000.0	2018-09	6.0	8.0	24.0	16.0	-11.0	27.0	330.967039574697
青海省	630000.0	2018-12	22.0	17.0	46.0	-66.0	-87.0	21.0	-914.1695186731272
青海省	630000.0	2019-03	10.0	2.0	14.0	-122.0	-136.0	14.0	-1230.2842120460775
青海省	630000.0	2019-06	1191.0	831.0	178.0	-86.0	-132.0	46.0	20118.96766178308
青海省	630000.0	2019-09	9033.0	2081.0	8219.0	-76.0	-263.0	187.0	101316.64087477198
青海省	630000.0	2019-12	2001.0	1606.0	11394.0	-324.0	-438.0	114.0	-195039.51164987986
青海省	630000.0	2020-03	6426.0	2889.0	24878.0	-1244.0	-1396.0	152.0	-444030.62808283616
青海省	630000.0	2020-06	12809.0	26881.0	307609.0	-1188.0	-1444.0	256.0	-6225666.944282403
青海省	630000.0	2020-09	604.0	771.0	4358.0	-83.0	-130.0	47.0	-61114.81410182251
香港特别行政区	820000.0	2019-03	8.0	33.0	34.0	-12.0	-12.0	0.0	-1064.9688107970148
香港特别行政区	820000.0	2019-06	12.0	29.0	25.0	-6.0	-7.0	1.0	-920.0250104685387
香港特别行政区	820000.0	2019-09	29.0	97.0	127.0	-28.0	-28.0	0.0	-3575.715066202746
香港特别行政区	820000.0	2019-12	53.0	68.0	384.0	-57.0	-57.0	0.0	-7172.556927168454
香港特别行政区	820000.0	2020-03	11962.0	18059.0	286188.0	-22.0	-23.0	1.0	-5872384.582266161
香港特别行政区	820000.0	2020-06	20715.0	32838.0	330280.0	-110.0	-115.0	5.0	-6728295.88366689
香港特别行政区	820000.0	2020-09	884.0	2831.0	26526.0	-54.0	-58.0	4.0	-485682.1145485043
黑龙江省	230000.0	2017-06	0.0	0.0	1.0	1.0	0.0	1.0	17.7948177305419
黑龙江省	230000.0	2018-09	2.0	1.0	10.0	10.0	-6.0	16.0	207.9263270111842
黑龙江省	230000.0	2018-12	4.0	0.0	8.0	14.0	-6.0	20.0	267.223107936029
黑龙江省	230000.0	2019-03	0.0	0.0	1.0	1.0	0.0	1.0	21.497251880164388
黑龙江省	230000.0	2019-06	1.0	1.0	6.0	3.0	-2.0	5.0	-24.58299689836528
黑龙江省	230000.0	2019-09	2.0	0.0	4.0	4.0	-3.0	7.0	107.48625940082195
黑龙江省	230000.0	2019-12	0.0	0.0	0.0	4.0	-3.0	7.0	42.994503760328776
黑龙江省	230000.0	2020-03	2.0	2.0	27.0	-5.0	-5.0	0.0	-510.00898906598866
黑龙江省	230000.0	2020-06	145672.0	255005.0	2473796.0	-153.0	-159.0	6.0	-51114214.38664548
黑龙江省	230000.0	2020-09	9.0	3.0	18.0	-6.0	-6.0	0.0	-472.7803983439649
